57.5
49.5
43.5
38
33
31.5
27.5
27
29
28.5
27.5
29.5
27.5
27.5
27.5
29.5
31
29.5
29.5
27.5
30
26.5
28.5
28
28.5
26.5
27.5
30
27.5
28
28.5
27.5
30
27.5
30
27.5
30
33
31
28.5
31
33
33.5
34
30
26.5
28.5
26.5
29
31
26.5
27.5
26.5
28.5
30
28.5
29
30
31
29
27.5
29.5
28.5
26.5
30
28.5
26.5
30
31.5
28.5
29.5
30.5
28.5
30.5
33
32.5
30.5
30.5
31
31.5
28.5
29
29
31.5
27.5
31
29.5
29
28.5
29
29.5
29
28.5
29.5
31
30
31
31.5
27.5
31
30.5
31
27.5
30
32.5
30
28
30
29
29.5
29
31
28.5
27.5
28.5
29
31
29
31.5
32
27
29
28.5
27
26
27
28.5
30.5
33.5
34
30
31
28
26
26.5
28.5
30
31.5
29
29.5
29.5
31
33
31
33
33.5
28
30
27.5
28
29.5
28
28
30
29
27.5
28
27.5
27
26.5
29
26.5
29.5
26.5
29
27
26.5
29
27
29
26.5
27.5
27
27.5
29
26.5
30
26.5
29.5
30.5
30.5
32
30.5
29.5
32
29.5
30.5
30
33.5
32.5
30.5
31.5
29.5
32
26.5
28.5
27.5
31
29
28.5
